  1.93784e-09
  1.71891e-09
  1.52285e-09
  1.34747e-09
  1.19077e-09
  1.05092e-09
  9.26263e-10
  8.15286e-10
  7.16611e-10
  6.28986e-10
  5.51276e-10
  4.82453e-10
  4.21582e-10
  3.67821e-10
  3.20408e-10
  2.78654e-10
  2.41939e-10
  2.09704e-10
  1.81449e-10
  1.5672e-10
  1.35114e-10
  1.16269e-10
  9.986e-11
  8.55979e-11
  7.32243e-11
  6.25093e-11
  5.32487e-11
  4.52607e-11
  3.83845e-11
  3.24777e-11
  2.74145e-11
  2.30841e-11
  1.93887e-11
  1.62427e-11
  1.35709e-11
  1.13074e-11
  9.39471e-12
  7.78266e-12
  6.42775e-12
  5.29232e-12
  4.34319e-12
  3.55271e-12
  2.89591e-12
  2.35212e-12
  1.90348e-12
  1.53444e-12
  1.23213e-12
  9.85323e-13
  7.84595e-13
  6.21836e-13
  4.90719e-13
  3.85469e-13
  3.01092e-13
  2.34035e-13
  1.80966e-13
  1.39111e-13
  1.06359e-13
  8.07132e-14
  6.08402e-14
  4.56302e-14
  3.40838e-14
  2.5091e-14
  1.83187e-14
  1.33227e-14
  9.54792e-15
  6.88338e-15
  4.77396e-15
  3.44169e-15
  2.33147e-15
  1.55431e-15
  1.11022e-15
  7.77156e-16
  4.44089e-16
  2.22045e-16
  2.22045e-16
  1.11022e-16
  1.11022e-16
  1.11022e-16
  0
  0
  0
  0
  0
  0
  0
  0
  0
  0
  0
  0
  0
  0
  0
  0
  0
  0
  0
  0
  0
  0
  0
  0
  0
  0
  0
  0
  0
  0
  0
  0
  0
  0
  0
  0
  0
  0
  0
  0
  0
  0
  0
  0
  0
  0
  2.22045e-16
  0
  2.22045e-16
  2.22045e-16
  4.44089e-16
  6.66134e-16
  1.33227e-15
  1.77636e-15
  2.66454e-15
  3.55271e-15
  5.10703e-15
  7.10543e-15
  9.99201e-15
  1.42109e-14
  1.95399e-14
  2.66454e-14
  3.61933e-14
  4.86278e-14
  6.4837e-14
  8.63754e-14
  1.13687e-13
  1.49214e-13
  1.94289e-13
  2.51799e-13
  3.24407e-13
  4.15445e-13
  5.3002e-13
  6.72795e-13
  8.49987e-13
  1.06892e-12
  1.33893e-12
  1.67e-12
  2.07478e-12
  2.56795e-12
  3.16636e-12
  3.89044e-12
  4.76352e-12
  5.81335e-12
  7.07145e-12
  8.57514e-12
  1.03673e-11
  1.24973e-11
  1.50222e-11
  1.80074e-11
  2.15283e-11
  2.5671e-11
  3.05338e-11
  3.62288e-11
  4.28835e-11
  5.06439e-11
  5.96736e-11
  7.01603e-11
  8.23133e-11
  9.63714e-11
  1.12602e-10
  1.31307e-10
  1.52825e-10
  1.77537e-10
  2.05867e-10
  2.38293e-10
  2.75346e-10
  3.1762e-10
  3.65777e-10
  4.20552e-10
  4.82764e-10
  5.53322e-10
  6.33232e-10
  7.2361e-10
  8.25691e-10
  9.40837e-10
  1.07055e-09
  1.2165e-09
  1.38052e-09
  1.5646e-09
  1.77098e-09
  2.00207e-09
  2.26055e-09
