  2.22983e-05
  2.05966e-05
  1.90093e-05
  1.75297e-05
  1.61516e-05
  1.48689e-05
  1.36759e-05
  1.25673e-05
  1.15379e-05
  1.05828e-05
  9.69742e-06
  8.87734e-06
  8.11841e-06
  7.4167e-06
  6.76849e-06
  6.17026e-06
  5.61869e-06
  5.11063e-06
  4.64311e-06
  4.21336e-06
  3.81872e-06
  3.45673e-06
  3.12504e-06
  2.82147e-06
  2.54396e-06
  2.29057e-06
  2.05949e-06
  1.84902e-06
  1.65757e-06
  1.48365e-06
  1.32587e-06
  1.18295e-06
  1.05365e-06
  9.36872e-07
  8.3155e-07
  7.36715e-07
  6.51461e-07
  5.7495e-07
  5.06402e-07
  4.45101e-07
  3.9038e-07
  3.41626e-07
  2.98276e-07
  2.59807e-07
  2.25744e-07
  1.95647e-07
  1.69115e-07
  1.4578e-07
  1.25308e-07
  1.07393e-07
  9.17563e-08
  7.81459e-08
  6.63331e-08
  5.61107e-08
  4.72921e-08
  3.97091e-08
  3.32105e-08
  2.76609e-08
  2.29392e-08
  1.89374e-08
  1.55594e-08
  1.27203e-08
  1.03446e-08
  8.36619e-09
  6.72668e-09
  5.37518e-09
  4.26725e-09
  3.36432e-09
  2.63302e-09
  2.04464e-09
  1.57458e-09
  1.20184e-09
  9.08653e-10
  6.8001e-10
  5.03342e-10
  3.68187e-10
  2.65895e-10
  1.89372e-10
  1.32846e-10
  9.16629e-11
  6.21088e-11
  4.12493e-11
  2.67942e-11
  1.69796e-11
  1.04659e-11
  6.252e-12
  3.60412e-12
  1.99429e-12
  1.05238e-12
  5.25135e-13
  2.45248e-13
  1.05693e-13
  4.11893e-14
  1.42109e-14
  4.10783e-15
  9.99201e-16
  1.11022e-16
  0
  0
  0
  0
  0
  0
  0
  2.22045e-16
  1.11022e-15
  4.21885e-15
  1.44329e-14
  4.19664e-14
  1.07914e-13
  2.5091e-13
  5.38236e-13
  1.08091e-12
  2.05258e-12
  3.71791e-12
  6.46394e-12
  1.08447e-11
  1.76335e-11
  2.78879e-11
  4.30285e-11
  6.49318e-11
  9.60423e-11
  1.39502e-10
  1.99304e-10
  2.80463e-10
  3.89223e-10
  5.33285e-10
  7.22066e-10
  9.66998e-10
  1.28186e-09
  1.68315e-09
  2.19049e-09
  2.82712e-09
  3.62037e-09
  4.60224e-09
  5.81005e-09
  7.28709e-09
  9.08336e-09
  1.12564e-08
  1.38723e-08
  1.70063e-08
  2.07445e-08
  2.51841e-08
  3.04356e-08
  3.66233e-08
  4.38872e-08
  5.23846e-08
  6.22912e-08
  7.38036e-08
  8.71405e-08
  1.02545e-07
  1.20288e-07
  1.40667e-07
  1.64013e-07
  1.9069e-07
  2.21099e-07
  2.5568e-07
  2.94917e-07
  3.39338e-07
  3.89524e-07
  4.46105e-07
  5.09771e-07
  5.81273e-07
  6.61427e-07
  7.51118e-07
  8.51308e-07
  9.63038e-07
  1.08743e-06
  1.22571e-06
  1.37919e-06
  1.54928e-06
  1.7375e-06
  1.94551e-06
  2.17506e-06
  2.42805e-06
  2.70652e-06
  3.01263e-06
  3.34873e-06
  3.71732e-06
  4.12105e-06
  4.56278e-06
  5.04555e-06
  5.57261e-06
  6.14742e-06
  6.77366e-06
  7.45523e-06
  8.19632e-06
  9.00135e-06
  9.87501e-06
  1.08223e-05
  1.18485e-05
  1.29592e-05
  1.41603e-05
  1.54582e-05
  1.68595e-05
  1.83711e-05
  2.00006e-05
  2.17558e-05
  2.36449e-05
  2.56766e-05
  2.78602e-05
