  0.367857
  0.371556
  0.375292
  0.379066
  0.382877
  0.386726
  0.390614
  0.394541
  0.398508
  0.402514
  0.40656
  0.410647
  0.414775
  0.418944
  0.423155
  0.427409
  0.431705
  0.436044
  0.440427
  0.444854
  0.449325
  0.453841
  0.458403
  0.46301
  0.467664
  0.472364
  0.477112
  0.481907
  0.486751
  0.491643
  0.496584
  0.501575
  0.506616
  0.511708
  0.516851
  0.522045
  0.527292
  0.532591
  0.537944
  0.54335
  0.548811
  0.554327
  0.559898
  0.565525
  0.571209
  0.57695
  0.582748
  0.588605
  0.59452
  0.600495
  0.606531
  0.612626
  0.618783
  0.625002
  0.631284
  0.637628
  0.644036
  0.650509
  0.657047
  0.66365
  0.67032
  0.677057
  0.683861
  0.690734
  0.697676
  0.704688
  0.71177
  0.718924
  0.726149
  0.733447
  0.740818
  0.748264
  0.755784
  0.763379
  0.771052
  0.778801
  0.786628
  0.794534
  0.802519
  0.810584
  0.818731
  0.826959
  0.83527
  0.843665
  0.852144
  0.860708
  0.869358
  0.878095
  0.88692
  0.895834
  0.904837
  0.913931
  0.923116
  0.932394
  0.941765
  0.951229
  0.960789
  0.970446
  0.980199
  0.99005
  1
  1.01005
  1.0202
  1.03045
  1.04081
  1.05127
  1.06184
  1.07251
  1.08329
  1.09417
  1.10517
  1.11628
  1.1275
  1.13883
  1.15027
  1.16183
  1.17351
  1.1853
  1.19722
  1.20925
  1.2214
  1.23368
  1.24608
  1.2586
  1.27125
  1.28403
  1.29693
  1.30996
  1.32313
  1.33643
  1.34986
  1.36343
  1.37713
  1.39097
  1.40495
  1.41907
  1.43333
  1.44773
  1.46228
  1.47698
  1.49182
  1.50682
  1.52196
  1.53726
  1.55271
  1.56831
  1.58407
  1.59999
  1.61607
  1.63232
  1.64872
  1.66529
  1.68203
  1.69893
  1.71601
  1.73325
  1.75067
  1.76827
  1.78604
  1.80399
  1.82212
  1.84043
  1.85893
  1.87761
  1.89648
  1.91554
  1.93479
  1.95424
  1.97388
  1.99371
  2.01375
  2.03399
  2.05443
  2.07508
  2.09593
  2.117
  2.13827
  2.15976
  2.18147
  2.20339
  2.22554
  2.2479
  2.27049
  2.29331
  2.31636
  2.33964
  2.36315
  2.3869
  2.41089
  2.43512
  2.45959
  2.48431
  2.50928
  2.53449
  2.55996
  2.58569
  2.61168
  2.63792
  2.66443
  2.69121
  2.71825
