  0.823354
  1.10251
  1.39207
  1.68722
  1.98527
  2.28481
  2.58508
  2.88574
  3.18658
  3.48752
  3.7885
  4.0895
  4.39052
  4.69155
  4.99257
  5.2936
  5.59462
  5.89561
  6.1965
  6.49694
  6.79564
  7.08748
  7.35358
  7.53768
  7.54995
  7.38193
  7.12175
  6.83173
  6.53345
  6.23329
  5.93243
  5.63123
  5.33037
  5.02917
  4.72831
  4.42711
  4.12625
  3.82505
  3.52419
  3.22299
  2.92213
  2.62093
  2.32007
  2.01887
  1.71801
  1.41681
  1.11595
  0.814746
  0.513889
  0.212686
  -0.0881707
  -0.64857
