  0.778151
  1.07918
  1.38021
  1.68124
  1.98227
  2.2833
  2.58433
  2.88536
  3.18639
  3.48742
  3.78845
  4.08948
  4.39051
  4.69154
  4.99257
  5.29359
  5.5946
  5.89553
  6.19617
  6.49563
  6.79044
  7.06747
  7.28388
  7.35238
  7.22881
  6.98636
  6.7013
  6.40435
  6.10435
  5.80358
  5.50261
  5.2016
  4.90057
  4.59954
  4.29851
  3.99748
  3.69645
  3.39542
  3.09439
  2.79336
  2.49233
  2.1913
  1.89027
  1.58924
  1.28821
  0.987184
  0.686154
  0.385124
  0.0840943
  -0.216936
  -0.517966
  -0.818996
